-0.57626757	-0.35255276	-0.20885938	0.70710678	0 		
-0.44343774	0.20838515	0.87174457	0 		0 		
-0.57626757	-0.35255276	-0.20885938	-0.70710678	0 		
-0.26381276	0.59497426	-0.27642081	0 		-0.70710678	
-0.26381276	0.59497426	-0.27642081	0 		0.70710678	

615.66703596	0 		0 		0 		0 		
0 		218.65221860	0 		0 		0 		
0 		0 		125.08120617	0 		0 		
0 		0 		0 		0 		0 		
0 		0 		0 		0 		0 		

-0.03449264	0.03170460	-0.00790013	-0.58562277	-0.80919011	
-0.72434553	0.66579664	-0.16590275	0.06635647	0.01055896	
-0.40889474	-0.61325160	-0.67581623	0 		0 		
-0.55294590	-0.42264282	0.71806955	0 		0 		
-0.03449264	0.03170460	-0.00790013	-0.80786310	0.58745202	

